# Simulator: Gillespie's Stochastic Algorithm
# Number of data points: 100
# Stop time: 15000.0
# Number of independent replications: 10
# Start time: 0.0
# Model Parameters
# Run time = 0.3619999885559082
# Time, "A@C1", "A@C2", "A@C3", "A@C4", "B@C1", "B@C2", "B@C3", "B@C4", "D@C1", "D@C2", "D@C3", "D@C4"
0.0, 100.0, 0.0, 0.0, 0.0, 0.0, 0.0, 0.0, 100.0, 0.0, 0.0, 0.0, 0.0
151.5151515151515, 14.5, 6.300000000000001, 0.2, 0.0, 0.0, 0.0, 6.0, 15.0, 15.200000000000001, 24.700000000000003, 26.200000000000003, 12.9
303.030303030303, 1.9000000000000001, 1.2000000000000002, 0.4, 0.0, 0.0, 0.2, 0.9, 2.4000000000000004, 25.1, 24.5, 24.3, 22.6
454.5454545454545, 0.30000000000000004, 0.4, 0.1, 0.0, 0.0, 0.1, 0.1, 0.6000000000000001, 25.200000000000003, 26.1, 23.8, 24.1
606.060606060606, 0.1, 0.1, 0.1, 0.0, 0.0, 0.1, 0.2, 0.0, 24.5, 24.1, 25.900000000000002, 25.200000000000003
757.5757575757575, 0.0, 0.0, 0.0, 0.0, 0.0, 0.0, 0.0, 0.0, 23.1, 24.900000000000002, 26.900000000000002, 25.1
909.090909090909, 0.0, 0.0, 0.0, 0.0, 0.0, 0.0, 0.0, 0.0, 24.700000000000003, 23.700000000000003, 25.700000000000003, 25.900000000000002
1060.6060606060605, 0.0, 0.0, 0.0, 0.0, 0.0, 0.0, 0.0, 0.0, 24.8, 25.200000000000003, 25.0, 25.0
1212.121212121212, 0.0, 0.0, 0.0, 0.0, 0.0, 0.0, 0.0, 0.0, 25.0, 23.6, 28.400000000000002, 23.0
1363.6363636363635, 0.0, 0.0, 0.0, 0.0, 0.0, 0.0, 0.0, 0.0, 25.900000000000002, 25.200000000000003, 24.0, 24.900000000000002
1515.151515151515, 0.0, 0.0, 0.0, 0.0, 0.0, 0.0, 0.0, 0.0, 24.8, 24.1, 26.900000000000002, 24.200000000000003
1666.6666666666665, 0.0, 0.0, 0.0, 0.0, 0.0, 0.0, 0.0, 0.0, 24.200000000000003, 25.6, 23.5, 26.700000000000003
1818.181818181818, 0.0, 0.0, 0.0, 0.0, 0.0, 0.0, 0.0, 0.0, 26.1, 24.200000000000003, 22.700000000000003, 27.0
1969.6969696969695, 0.0, 0.0, 0.0, 0.0, 0.0, 0.0, 0.0, 0.0, 25.5, 25.400000000000002, 22.700000000000003, 26.400000000000002
2121.212121212121, 0.0, 0.0, 0.0, 0.0, 0.0, 0.0, 0.0, 0.0, 24.6, 26.1, 25.8, 23.5
2272.7272727272725, 0.0, 0.0, 0.0, 0.0, 0.0, 0.0, 0.0, 0.0, 25.0, 27.5, 24.700000000000003, 22.8
2424.242424242424, 0.0, 0.0, 0.0, 0.0, 0.0, 0.0, 0.0, 0.0, 26.700000000000003, 25.6, 21.8, 25.900000000000002
2575.7575757575755, 0.0, 0.0, 0.0, 0.0, 0.0, 0.0, 0.0, 0.0, 22.900000000000002, 26.400000000000002, 26.1, 24.6
2727.272727272727, 0.0, 0.0, 0.0, 0.0, 0.0, 0.0, 0.0, 0.0, 26.1, 26.8, 23.400000000000002, 23.700000000000003
2878.7878787878785, 0.0, 0.0, 0.0, 0.0, 0.0, 0.0, 0.0, 0.0, 25.0, 26.700000000000003, 24.8, 23.5
3030.30303030303, 0.0, 0.0, 0.0, 0.0, 0.0, 0.0, 0.0, 0.0, 25.5, 25.700000000000003, 24.200000000000003, 24.6
3181.8181818181815, 0.0, 0.0, 0.0, 0.0, 0.0, 0.0, 0.0, 0.0, 24.5, 26.700000000000003, 25.3, 23.5
3333.333333333333, 0.0, 0.0, 0.0, 0.0, 0.0, 0.0, 0.0, 0.0, 26.200000000000003, 24.200000000000003, 24.3, 25.3
3484.8484848484845, 0.0, 0.0, 0.0, 0.0, 0.0, 0.0, 0.0, 0.0, 27.200000000000003, 25.0, 22.700000000000003, 25.1
3636.363636363636, 0.0, 0.0, 0.0, 0.0, 0.0, 0.0, 0.0, 0.0, 27.400000000000002, 25.200000000000003, 22.900000000000002, 24.5
3787.8787878787875, 0.0, 0.0, 0.0, 0.0, 0.0, 0.0, 0.0, 0.0, 24.200000000000003, 25.700000000000003, 25.200000000000003, 24.900000000000002
3939.393939393939, 0.0, 0.0, 0.0, 0.0, 0.0, 0.0, 0.0, 0.0, 26.5, 25.3, 24.200000000000003, 24.0
4090.9090909090905, 0.0, 0.0, 0.0, 0.0, 0.0, 0.0, 0.0, 0.0, 23.3, 26.200000000000003, 26.3, 24.200000000000003
4242.424242424242, 0.0, 0.0, 0.0, 0.0, 0.0, 0.0, 0.0, 0.0, 26.200000000000003, 23.400000000000002, 24.5, 25.900000000000002
4393.939393939394, 0.0, 0.0, 0.0, 0.0, 0.0, 0.0, 0.0, 0.0, 24.700000000000003, 26.200000000000003, 25.0, 24.1
4545.454545454545, 0.0, 0.0, 0.0, 0.0, 0.0, 0.0, 0.0, 0.0, 23.0, 22.900000000000002, 27.700000000000003, 26.400000000000002
4696.969696969696, 0.0, 0.0, 0.0, 0.0, 0.0, 0.0, 0.0, 0.0, 24.200000000000003, 23.6, 25.3, 26.900000000000002
4848.484848484848, 0.0, 0.0, 0.0, 0.0, 0.0, 0.0, 0.0, 0.0, 25.900000000000002, 22.200000000000003, 25.700000000000003, 26.200000000000003
5000.0, 0.0, 0.0, 0.0, 0.0, 0.0, 0.0, 0.0, 0.0, 25.8, 25.200000000000003, 24.1, 24.900000000000002
5151.515151515151, 0.0, 0.0, 0.0, 0.0, 0.0, 0.0, 0.0, 0.0, 24.900000000000002, 25.3, 25.5, 24.3
5303.030303030302, 0.0, 0.0, 0.0, 0.0, 0.0, 0.0, 0.0, 0.0, 23.3, 25.1, 25.700000000000003, 25.900000000000002
5454.545454545454, 0.0, 0.0, 0.0, 0.0, 0.0, 0.0, 0.0, 0.0, 24.3, 24.8, 25.6, 25.3
5606.060606060606, 0.0, 0.0, 0.0, 0.0, 0.0, 0.0, 0.0, 0.0, 24.0, 25.400000000000002, 27.400000000000002, 23.200000000000003
5757.575757575757, 0.0, 0.0, 0.0, 0.0, 0.0, 0.0, 0.0, 0.0, 26.200000000000003, 25.5, 24.6, 23.700000000000003
5909.090909090908, 0.0, 0.0, 0.0, 0.0, 0.0, 0.0, 0.0, 0.0, 26.0, 25.6, 25.700000000000003, 22.700000000000003
6060.60606060606, 0.0, 0.0, 0.0, 0.0, 0.0, 0.0, 0.0, 0.0, 26.3, 27.3, 22.1, 24.3
6212.121212121212, 0.0, 0.0, 0.0, 0.0, 0.0, 0.0, 0.0, 0.0, 27.6, 23.8, 24.0, 24.6
6363.636363636363, 0.0, 0.0, 0.0, 0.0, 0.0, 0.0, 0.0, 0.0, 24.6, 26.3, 26.200000000000003, 22.900000000000002
6515.151515151514, 0.0, 0.0, 0.0, 0.0, 0.0, 0.0, 0.0, 0.0, 25.8, 25.0, 24.5, 24.700000000000003
6666.666666666666, 0.0, 0.0, 0.0, 0.0, 0.0, 0.0, 0.0, 0.0, 27.6, 24.400000000000002, 23.5, 24.5
6818.181818181818, 0.0, 0.0, 0.0, 0.0, 0.0, 0.0, 0.0, 0.0, 27.900000000000002, 24.6, 21.900000000000002, 25.6
6969.696969696969, 0.0, 0.0, 0.0, 0.0, 0.0, 0.0, 0.0, 0.0, 28.400000000000002, 23.900000000000002, 24.200000000000003, 23.5
7121.21212121212, 0.0, 0.0, 0.0, 0.0, 0.0, 0.0, 0.0, 0.0, 26.8, 26.8, 23.6, 22.8
7272.727272727272, 0.0, 0.0, 0.0, 0.0, 0.0, 0.0, 0.0, 0.0, 25.200000000000003, 25.700000000000003, 24.700000000000003, 24.400000000000002
7424.242424242424, 0.0, 0.0, 0.0, 0.0, 0.0, 0.0, 0.0, 0.0, 24.8, 26.3, 24.1, 24.8
7575.757575757575, 0.0, 0.0, 0.0, 0.0, 0.0, 0.0, 0.0, 0.0, 28.200000000000003, 24.400000000000002, 22.400000000000002, 25.0
7727.272727272726, 0.0, 0.0, 0.0, 0.0, 0.0, 0.0, 0.0, 0.0, 25.0, 26.400000000000002, 24.5, 24.1
7878.787878787878, 0.0, 0.0, 0.0, 0.0, 0.0, 0.0, 0.0, 0.0, 25.3, 24.900000000000002, 25.400000000000002, 24.400000000000002
8030.30303030303, 0.0, 0.0, 0.0, 0.0, 0.0, 0.0, 0.0, 0.0, 23.400000000000002, 24.1, 25.400000000000002, 27.1
8181.818181818181, 0.0, 0.0, 0.0, 0.0, 0.0, 0.0, 0.0, 0.0, 24.6, 25.700000000000003, 24.200000000000003, 25.5
8333.333333333332, 0.0, 0.0, 0.0, 0.0, 0.0, 0.0, 0.0, 0.0, 25.700000000000003, 24.400000000000002, 22.3, 27.6
8484.848484848484, 0.0, 0.0, 0.0, 0.0, 0.0, 0.0, 0.0, 0.0, 24.700000000000003, 26.400000000000002, 22.8, 26.1
8636.363636363636, 0.0, 0.0, 0.0, 0.0, 0.0, 0.0, 0.0, 0.0, 25.0, 24.900000000000002, 25.200000000000003, 24.900000000000002
8787.878787878788, 0.0, 0.0, 0.0, 0.0, 0.0, 0.0, 0.0, 0.0, 25.0, 25.700000000000003, 25.6, 23.700000000000003
8939.393939393938, 0.0, 0.0, 0.0, 0.0, 0.0, 0.0, 0.0, 0.0, 25.1, 24.200000000000003, 26.400000000000002, 24.3
9090.90909090909, 0.0, 0.0, 0.0, 0.0, 0.0, 0.0, 0.0, 0.0, 23.5, 25.0, 24.8, 26.700000000000003
9242.424242424242, 0.0, 0.0, 0.0, 0.0, 0.0, 0.0, 0.0, 0.0, 26.0, 24.0, 22.700000000000003, 27.3
9393.939393939392, 0.0, 0.0, 0.0, 0.0, 0.0, 0.0, 0.0, 0.0, 24.200000000000003, 25.3, 27.1, 23.400000000000002
9545.454545454544, 0.0, 0.0, 0.0, 0.0, 0.0, 0.0, 0.0, 0.0, 22.400000000000002, 24.8, 26.5, 26.3
9696.969696969696, 0.0, 0.0, 0.0, 0.0, 0.0, 0.0, 0.0, 0.0, 24.700000000000003, 23.6, 23.900000000000002, 27.8
9848.484848484848, 0.0, 0.0, 0.0, 0.0, 0.0, 0.0, 0.0, 0.0, 23.700000000000003, 26.200000000000003, 24.0, 26.1
10000.0, 0.0, 0.0, 0.0, 0.0, 0.0, 0.0, 0.0, 0.0, 22.700000000000003, 24.200000000000003, 27.700000000000003, 25.400000000000002
10151.51515151515, 0.0, 0.0, 0.0, 0.0, 0.0, 0.0, 0.0, 0.0, 20.6, 27.0, 26.1, 26.3
10303.030303030302, 0.0, 0.0, 0.0, 0.0, 0.0, 0.0, 0.0, 0.0, 23.3, 25.0, 25.200000000000003, 26.5
10454.545454545454, 0.0, 0.0, 0.0, 0.0, 0.0, 0.0, 0.0, 0.0, 23.200000000000003, 20.900000000000002, 29.0, 26.900000000000002
10606.060606060604, 0.0, 0.0, 0.0, 0.0, 0.0, 0.0, 0.0, 0.0, 23.200000000000003, 23.6, 27.400000000000002, 25.8
10757.575757575756, 0.0, 0.0, 0.0, 0.0, 0.0, 0.0, 0.0, 0.0, 25.3, 26.6, 24.200000000000003, 23.900000000000002
10909.090909090908, 0.0, 0.0, 0.0, 0.0, 0.0, 0.0, 0.0, 0.0, 27.400000000000002, 23.400000000000002, 25.200000000000003, 24.0
11060.60606060606, 0.0, 0.0, 0.0, 0.0, 0.0, 0.0, 0.0, 0.0, 25.400000000000002, 24.0, 25.900000000000002, 24.700000000000003
11212.121212121212, 0.0, 0.0, 0.0, 0.0, 0.0, 0.0, 0.0, 0.0, 24.200000000000003, 26.1, 24.3, 25.400000000000002
11363.636363636362, 0.0, 0.0, 0.0, 0.0, 0.0, 0.0, 0.0, 0.0, 26.1, 25.900000000000002, 24.1, 23.900000000000002
11515.151515151514, 0.0, 0.0, 0.0, 0.0, 0.0, 0.0, 0.0, 0.0, 26.3, 25.400000000000002, 24.400000000000002, 23.900000000000002
11666.666666666666, 0.0, 0.0, 0.0, 0.0, 0.0, 0.0, 0.0, 0.0, 28.1, 22.700000000000003, 23.700000000000003, 25.5
11818.181818181816, 0.0, 0.0, 0.0, 0.0, 0.0, 0.0, 0.0, 0.0, 26.6, 24.400000000000002, 25.700000000000003, 23.3
11969.696969696968, 0.0, 0.0, 0.0, 0.0, 0.0, 0.0, 0.0, 0.0, 27.3, 24.1, 22.400000000000002, 26.200000000000003
12121.21212121212, 0.0, 0.0, 0.0, 0.0, 0.0, 0.0, 0.0, 0.0, 23.8, 25.0, 26.5, 24.700000000000003
12272.727272727272, 0.0, 0.0, 0.0, 0.0, 0.0, 0.0, 0.0, 0.0, 25.1, 24.1, 26.5, 24.3
12424.242424242424, 0.0, 0.0, 0.0, 0.0, 0.0, 0.0, 0.0, 0.0, 26.6, 23.900000000000002, 22.700000000000003, 26.8
12575.757575757574, 0.0, 0.0, 0.0, 0.0, 0.0, 0.0, 0.0, 0.0, 24.400000000000002, 23.900000000000002, 25.700000000000003, 26.0
12727.272727272726, 0.0, 0.0, 0.0, 0.0, 0.0, 0.0, 0.0, 0.0, 23.400000000000002, 25.400000000000002, 24.3, 26.900000000000002
12878.787878787878, 0.0, 0.0, 0.0, 0.0, 0.0, 0.0, 0.0, 0.0, 23.6, 25.200000000000003, 25.3, 25.900000000000002
13030.303030303028, 0.0, 0.0, 0.0, 0.0, 0.0, 0.0, 0.0, 0.0, 24.1, 26.900000000000002, 22.5, 26.5
13181.81818181818, 0.0, 0.0, 0.0, 0.0, 0.0, 0.0, 0.0, 0.0, 25.1, 23.3, 25.1, 26.5
13333.333333333332, 0.0, 0.0, 0.0, 0.0, 0.0, 0.0, 0.0, 0.0, 23.5, 23.6, 25.5, 27.400000000000002
13484.848484848484, 0.0, 0.0, 0.0, 0.0, 0.0, 0.0, 0.0, 0.0, 26.900000000000002, 24.400000000000002, 23.0, 25.700000000000003
13636.363636363636, 0.0, 0.0, 0.0, 0.0, 0.0, 0.0, 0.0, 0.0, 23.0, 24.400000000000002, 26.1, 26.5
13787.878787878786, 0.0, 0.0, 0.0, 0.0, 0.0, 0.0, 0.0, 0.0, 24.6, 25.6, 26.200000000000003, 23.6
13939.393939393938, 0.0, 0.0, 0.0, 0.0, 0.0, 0.0, 0.0, 0.0, 26.6, 25.5, 27.6, 20.3
14090.90909090909, 0.0, 0.0, 0.0, 0.0, 0.0, 0.0, 0.0, 0.0, 26.700000000000003, 22.6, 25.8, 24.900000000000002
14242.42424242424, 0.0, 0.0, 0.0, 0.0, 0.0, 0.0, 0.0, 0.0, 24.3, 27.1, 24.3, 24.3
14393.939393939392, 0.0, 0.0, 0.0, 0.0, 0.0, 0.0, 0.0, 0.0, 22.3, 27.200000000000003, 24.400000000000002, 26.1
14545.454545454544, 0.0, 0.0, 0.0, 0.0, 0.0, 0.0, 0.0, 0.0, 25.400000000000002, 25.3, 23.200000000000003, 26.1
14696.969696969696, 0.0, 0.0, 0.0, 0.0, 0.0, 0.0, 0.0, 0.0, 24.3, 25.900000000000002, 25.200000000000003, 24.6
14848.484848484848, 0.0, 0.0, 0.0, 0.0, 0.0, 0.0, 0.0, 0.0, 25.900000000000002, 24.200000000000003, 24.0, 25.900000000000002
14999.999999999998, 0.0, 0.0, 0.0, 0.0, 0.0, 0.0, 0.0, 0.0, 25.1, 26.0, 23.700000000000003, 25.200000000000003
